20210217_160011  7550  0.01  0.409926  2.55785
20210218_162055  12750  0.01  nan  nan
20210219_085403  21400  0.001  0.409755  1.44998
20210514_123338  36250  0.001  0.398365  1.45695
20210514_133907  109450  0.001  0.370652  1.46254
20210514_142508  2900  0.01  0.423117  4.42871
20210514_142746  5500  0.01  0.420977  3.60418
20210514_152602  63300  0.01  0.373555  2.05107
20210514_160330  104250  0.01  0.365964  1.93616
20210515_031957  99950  0.01  0.364119  1.82118
20210515_092821  99950  0.01  0.372299  1.78097
20210515_111942  99950  0.01  0.362819  1.78457
20210515_135530  99950  0.01  0.366763  1.79
20210515_174514  99950  0.01  0.366557  1.7856
20210515_194117  99950  0.01  0.365587  1.77514
20210515_213517  99950  0.01  0.365591  1.78316
20210516_044854  99950  0.01  0.361079  1.78515
20210516_062954  99950  0.01  0.362502  1.78461
20210516_101500  99950  0.01  0.367115  1.77793
20210516_125933  99950  0.01  0.366681  1.77093
20210516_160539  99950  0.01  0.367414  1.78104
20210516_174858  99950  0.01  0.361838  1.78174
20210516_202117  99950  0.01  0.367567  1.77921
20210516_223739  99950  0.01  0.364123  1.77836
20210517_004646  99950  0.01  0.366644  1.79113
20210517_075038  99950  0.01  0.36554  1.78742
20210517_095057  99950  0.01  0.364727  1.77897
20210517_114740  99950  0.01  0.365821  1.7747
20210517_141213  99950  0.01  0.360742  1.78265
20210517_161740  99950  0.01  0.366362  1.88743
20210517_181648  99950  0.01  0.369254  1.81207
20210517_213613  99950  0.01  0.369102  1.80122
20210517_232456  99950  0.01  0.368253  1.77363
20210518_071726  99950  0.01  0.366517  1.76829
20210518_091736  99950  0.01  0.363646  1.7689
20210518_111045  99950  0.01  0.358504  1.77459
20210518_131234  99950  0.01  0.367806  1.79185
20210518_151002  99950  0.01  0.363114  1.76477
20210518_171628  99950  0.01  0.361784  1.76056
20210518_205817  99950  0.01  0.362982  1.76176
20210519_033350  99950  0.01  0.367578  1.82339
20210519_091430  99950  0.01  0.365808  1.76033
20210519_112316  99950  0.01  0.363413  1.81442
20210519_131339  99950  0.01  0.368699  1.83136
20210519_202556  99950  0.01  0.361376  1.74998
20210519_232823  99950  0.01  0.360685  1.77316
20210520_065019  99950  0.01  0.361009  1.75929
20210520_120522  99950  0.01  0.412227  1.49073
20210520_144446  100000  0.01  0.409157  1.46851
20210521_105522  99950  0.01  0.41866  1.49299
20210521_155236  73250  0.01  0.437124  1.56693
20210521_233123  99950  0.01  0.422377  1.50778
20210522_152755  99950  0.01  0.415937  1.48549
20210522_170644  99950  0.01  0.415703  1.53508
20210522_221018  99950  0.01  0.414566  1.51146
20210523_005555  99950  0.01  0.134359  1.4772
20210523_091108  532450  0.0003125  0.115715  1.18835
20210523_113243  701950  7.8125e-05  0.113853  1.16023
20210523_161212  999950  1.95312e-05  0.117711  1.14913
20210523_192244  99950  0.01  0.135796  1.55024
20210523_213341  99950  0.01  0.136869  1.52376
20210524_134104  999950  1.95312e-05  0.114903  1.14834
20210524_165100  99950  0.01  0.135338  1.4972
20210524_200406  99950  0.01  0.417277  1.48479
20210526_055620  99950  0.01  0.133659  1.47066
20210526_133429  99950  0.01  0.418574  1.4972
20210526_143243  99950  0.01  0.138312  1.64202
20210526_162124  99950  0.01  0.132984  1.49491
20210527_074408  99950  0.01  0.133498  1.48864
20210527_110247  99950  0.01  0.13437  1.47836
20210527_125654  99950  0.01  0.132534  1.49362
20210527_145731  99950  0.01  0.131492  1.48068
20210527_163921  99950  0.01  0.133818  1.46308
20210527_185442  99950  0.01  0.134059  1.48774
20210527_224314  99950  0.01  0.132778  1.4833
20210528_195326  999950  1.95312e-05  0.127857  1.34943
